24
#Move the gold block
.5,-3.35,.7,.1,-2.7,.7,-.1
.5,-3.35,.15,.1,-2.7,.15,-.1
.5,-3.15,.15,.1,-2.85,.15,-.1,-.15
.5,-3.15,1,.1,-2.85,1,-.1,-.15
1.5,1.85,1,.1,2.15,1,-.1,-.15
.5,1.85,.7,.1,2.15,.7,-.1,-.15
.5,1.6,.7,.1,2.4,.7,-.1
.5,1.6,1.2,.1,2.4,1.2,-.1
#Move the silver block
.5,-2.2,1.2,.1,-1.8,1.2,-.1
.5,-2.2,.15,.1,-1.8,.15,-.1
.5,-2.05,.15,.1,-1.95,.15,-.1,.1
.5,-2.05,1,.1,-1.95,1,-.1,.1
1.5,.95,1,.1,1.05,1,-.1,.1
.5,.95,.7,.1,1.05,.7,-.1,.1
.5,.8,.7,.1,1.2,.7,-.1
.5,.8,1.2,.1,1.2,1.2,-.1
#Move the gold block
.5,-1.2,1.2,.1,-.8,1.2,-.1
.5,-1.2,.15,.1,-.8,.15,-.1
.5,-1.05,.15,.1,-.95,.15,-.1,.1
.5,-1.05,1,.1,-.95,1,-.1,.1
1.5,-.10,1,.1,.1,1,-.1,.1
.5,-.10,.8,.1,.1,.8,-.1,.1
.5,-.20,.8,.1,.2,.8,-.1
.5,-.20,1.2,.1,.2,1.2,-.1




